6
6
10 20 10 30 20 50
4
5
1 5 2 3 6
4
17
1 5 2 3 3 4 4 2 5 6 6 7 7 8 11 9 10
10
4
1 4 2 3
3
1000
574 155 634 519 872 391 918 240 108 96 504 323 266 170 295 449 653 323 12 365 747 825 519 207 565 304 568 868 82 641 506 937 503 144 738 70 59 684 332 75 142 869 487 753 862 797 232 363 556 138 178 91 593 601 77 33 737 774 333 280 613 115 659 382 934 134 871 433 201 137 785 199 935 455 869 681 274 3 41 957 306 271 803 552 668 306 174 762 12 516 927 114 235 558 946 120 176 520 653 834 227 288 896 458 557 11 650 192 434 185 485 456 214 258 267 593 43 716 49 96 464 306 491 455 260 744 225 998 542 457 705 977 209 912 666 556 320 694 832 133 32 259 422 327 210 255 192 680 650 366 84 645 21 920 886 148 379 209 260 479 341 482 408 469 458 783 335 100 535 658 415 350 380 0 234 416 366 37 579 659 798 413 519 111 376 893 492 660 903 730 290 411 265 751 383 396 904 819 666 176 512 679 640 308 407 184 923 427 231 141 428 996 178 632 735 723 458 381 931 455 141 842 316 879 625 38 631 223 857 414 898 249 562 293 888 92 805 728 727 968 878 342 980 155 102 798 733 945 959 160 583 761 406 940 720 108 350 501 772 797 389 105 31 546 996 276 779 310 884 645 409 503 855 415 615 604 881 828 753 242 188 386 689 281 7 941 741 185 132 294 807 963 50 668 688 151 123 164 314 666 335 233 209 118 615 277 955 568 443 497 176 462 77 595 249 624 256 620 380 956 663 574 737 806 913 638 629 912 637 352 495 5 89 507 128 40 708 704 380 132 862 962 4 69 698 562 265 493 844 753 19 265 491 877 182 553 906 791 714 673 847 757 942 556 457 764 167 354 444 851 131 143 447 377 477 530 360 443 357 115 700 876 518 580 689 597 144 289 340 282 324 520 63 153 655 402 510 17 947 906 896 874 209 66 749 519 976 70 614 394 907 957 516 144 18 365 186 891 624 241 908 649 461 299 598 698 255 9 798 805 848 541 993 548 615 748 219 924 120 395 531 190 534 482 603 715 1000 86 675 294 241 113 538 285 364 857 761 546 124 224 11 281 110 345 45 410 349 33 408 366 913 111 803 749 860 157 271 362 604 971 465 964 998 513 303 108 415 277 863 473 502 893 462 984 736 545 365 235 32 628 6 383 973 924 598 464 885 209 212 242 71 102 487 674 513 144 753 513 615 788 595 396 770 99 841 306 725 606 643 179 666 138 325 750 682 58 369 873 610 723 356 892 22 328 813 962 169 234 959 35 203 854 888 329 548 71 77 405 78 613 809 779 250 269 55 622 280 982 427 750 36 925 13 705 839 113 372 221 206 629 851 832 562 941 813 189 838 894 483 197 798 793 554 809 25 628 127 155 149 158 321 632 404 519 876 599 140 304 476 370 5 32 740 677 692 514 920 752 259 412 129 697 122 611 570 425 754 919 852 887 910 435 123 294 475 733 253 969 929 366 816 803 187 52 317 727 833 420 900 553 814 92 566 201 434 533 406 784 675 368 920 210 562 277 144 893 489 31 457 731 824 765 702 436 753 393 894 518 366 124 63 368 502 161 865 725 353 24 754 660 790 442 642 282 727 150 314 583 66 261 798 280 827 346 64 665 703 281 780 826 913 473 102 973 325 323 575 184 881 312 304 971 99 606 329 19 405 281 705 521 970 888 586 153 939 576 595 25 277 182 906 806 473 312 947 283 523 805 769 975 637 481 368 110 224 706 292 817 217 374 866 863 438 376 513 125 160 300 985 674 858 943 343 614 48 346 287 695 477 71 757 12 3 377 876 616 165 207 222 830 926 36 869 764 92 192 509 733 732 985 163 385 445 647 403 406 879 182 435 744 808 589 469 73 220 466 518 262 304 957 49 595 389 973 644 1000 695 563 265 751 34 475 442 315 660 141 635 338 726 906 701 586 516 584 216 933 669 594 606 205 500 38 84 888 609 409 883 106 485 573 92 335 689 857 512 0 122 272 491 566 830 982 395 997 603 761 70 126 970 226 831 601 134 299 18 864 967 431 515 240 83 68 921 22 696 356 303 216 214 505 521 865 191 637 829 512 689 346 962 811 123 829 742 986 589 585 162 59 82 265 232 796 872 515 822 207 56 58 888 118 175 305 416 390 431 957 312 527 775 806 200 761 751 247 411 134 723 742 827 870 958 377 345 690 851 759 106 807 391 810 815 863 768 519 868 679 311 787 918 959 862 605 478 132 233 328 149 203 918 474 322 831 212 232 545 698 260 265 324 215 701 75 156 605 851 993 425 887 691 593
63
1000
880 171 889 644 953 55 931 385 27 345 540 734 480 0 37 838 823 985 613 580 789 205 887 140 894 122 658 744 945 592 227 744 744 570 384 326 792 99 109 638 416 155 660 206 953 587 458 830 112 866 751 519 66 169 118 485 671 847 940 80 932 882 714 548 850 261 48 963 505 156 504 360 43 50 678 157 380 443 669 41 806 695 445 913 70 111 405 490 849 311 126 396 106 548 68 763 282 556 657 173 797 156 31 553 614 102 989 588 228 21 206 474 129 783 852 381 647 723 522 156 654 207 755 72 935 140 447 8 268 765 365 960 894 171 467 598 354 861 748 499 343 491 846 509 930 821 746 545 261 934 5 485 791 226 600 349 262 350 386 667 273 579 710 942 642 131 967 735 730 397 492 892 190 304 123 386 291 739 664 405 379 435 250 716 867 298 818 227 936 869 661 358 763 929 85 501 126 347 686 345 206 22 377 386 616 10 815 106 60 228 381 343 847 538 173 611 586 734 183 88 39 626 808 83 583 886 28 497 193 129 161 49 630 667 178 984 705 301 75 51 703 219 434 599 129 553 169 29 795 224 614 172 420 313 221 463 199 1000 695 72 308 169 788 849 466 641 51 304 303 868 61 461 684 784 598 173 693 791 775 734 720 80 504 480 543 861 819 498 77 962 860 86 317 778 721 363 561 16 533 730 257 259 929 717 230 852 28 67 764 562 145 344 65 232 390 393 254 340 995 189 63 82 440 921 686 265 878 594 1000 343 17 500 32 929 833 58 808 734 882 902 427 558 56 481 439 752 47 151 400 301 666 157 3 53 450 195 260 943 653 542 8 312 422 997 475 44 549 868 501 741 313 677 529 89 44 145 545 569 12 136 65 435 227 403 602 805 807 912 506 120 202 828 53 615 141 840 670 59 614 765 537 564 98 775 535 86 885 958 610 995 60 588 96 433 835 547 466 27 285 70 889 109 682 452 219 562 712 30 844 523 183 131 0 514 154 54 911 240 113 299 719 720 347 888 339 606 24 971 681 32 422 292 254 601 628 416 113 83 909 189 81 507 32 827 118 902 876 278 883 242 125 791 98 55 28 656 879 884 953 914 473 130 612 578 68 906 816 340 440 490 268 317 229 942 698 613 976 37 799 686 536 642 838 52 834 932 260 894 942 577 13 758 547 251 772 548 177 954 401 225 45 854 947 415 133 137 955 110 418 852 699 659 336 511 25 466 771 39 579 221 613 758 124 123 129 467 296 584 46 817 540 72 776 724 719 103 879 405 959 940 912 797 732 818 510 160 464 652 756 70 999 20 739 356 60 11 686 88 722 926 141 44 388 121 96 172 741 383 692 436 866 482 302 41 53 783 523 520 70 230 874 574 817 912 165 683 978 423 682 45 204 955 308 709 721 134 854 129 168 255 658 541 451 978 55 38 200 936 460 281 859 202 351 622 428 515 978 48 31 598 964 29 519 291 12 740 74 351 132 286 538 340 623 30 632 427 637 337 948 516 548 755 126 569 273 525 369 832 402 144 998 298 997 971 202 556 720 448 224 153 159 573 244 639 433 215 183 212 273 629 70 286 872 251 268 331 486 213 415 863 524 901 793 383 627 941 29 511 276 906 707 781 400 681 824 152 173 406 881 573 669 224 486 105 658 462 440 109 836 378 722 228 189 8 431 615 320 489 156 15 528 662 297 234 940 921 432 120 70 294 880 891 431 434 589 736 992 317 178 524 788 711 826 930 244 159 210 233 542 688 119 451 941 408 532 896 4 603 845 305 209 810 717 786 264 950 535 417 719 127 878 957 427 761 121 968 774 903 144 620 138 848 313 438 980 836 806 385 60 38 598 947 436 644 548 259 395 701 861 150 305 584 455 408 981 600 526 343 4 310 150 395 575 899 655 358 110 494 35 323 954 538 467 426 597 107 768 551 289 379 722 937 597 998 686 738 294 158 434 296 21 312 384 560 698 151 539 451 179 455 616 711 769 173 989 984 157 130 293 423 412 915 894 396 440 679 345 88 72 747 382 208 51 219 240 354 973 678 502 718 32 29 83 168 352 113 938 0 202 785 900 496 610 379 532 911 920 939 350 319 923 437 526 700 799 723 255 540 865 27 700 159 755 147 594 77 169 811 470 97 959 0 362 9 968 703 793 720 882 468 715 812 549 779 21 152 871 133 585 357 220 272 908 777 192 881 923 58 447 815 742 895 272 469 598 726 92 196 832 205 792 197 737 186 178 463 263 425 972 142 385 187 505 342 662 190 191 779 606 112
57
